25 2 9 25 15 9 20 25 6 30 25 18 4 18 23 4 3 25 10 8 16 4 30 8 19 9 22 14 2 15 18 7 10 5 20 24 5 29 12 26 16 2 25 25 19 25 19 19 28 22 29 25 23 9 24 30 11 23 30 2 11 13 14 25 8 17 7 24 30 27 22 3 19 29 8 21 20 26 22 20 21 28 20 26 18 27 26 15 5 20 5 10 17 18 14 30 10 30 9 18
12 11 5 17 14 21 15 22 25 8 9 21 19 8 16 2 19 18 30 27 14 20 15 8 13 22 20 29 21 14 28 27 17 21 8 30 8 10 21 7 15 3 13 6 20 27 21 19 8 16 15 22 12 28 20 28 9 26 25 30 7 9 9 19 10 12 15 1 1 17 21 7 30 9 9 6 25 9 18 5 18 22 18 22 17 24 26 19 18 5 19 8 17 18 5 19 15 28 22 22
13 12 1 15 28 8 30 4 10 25 15 26 1 20 14 28 28 2 26 6 5 1 2 5 24 12 17 25 29 27 10 16 7 19 29 24 20 6 26 11 24 16 27 14 19 21 12 7 22 4 12 3 23 7 8 14 26 2 28 20 22 2 24 25 27 21 9 8 20 3 12 24 12 8 10 20 25 12 11 16 28 17 16 20 11 18 15 18 29 5 17 11 13 24 9 26 1 24 9 24
16 3 11 23 14 3 19 18 8 4 11 10 20 12 6 21 5 22 6 9 24 9 6 25 12 1 18 11 26 11 1 8 8 25 14 13 13 18 6 8 13 18 14 25 30 9 25 9 20 21 22 22 19 24 11 5 7 28 3 10 15 8 4 20 3 7 27 11 8 27 28 28 21 8 2 10 8 25 21 29 23 22 9 3 9 28 30 24 2 1 4 28 19 2 5 3 14 30 25 28
7 15 6 18 27 7 3 5 21 17 7 22 1 16 19 4 3 24 14 14 28 21 12 3 29 15 23 4 13 2 10 5 17 18 23 19 29 11 1 23 19 2 27 14 12 23 22 22 29 29 2 2 19 21 28 13 23 23 17 12 30 1 17 12 22 30 9 10 4 26 15 23 17 3 22 19 30 12 5 9 2 15 12 1 19 11 20 6 11 17 28 11 19 30 26 9 10 16 10 17
13 12 18 28 11 21 1 2 13 10 20 24 14 17 26 3 12 8 22 15 9 21 22 16 24 25 18 22 30 4 24 8 8 20 28 13 15 19 16 22 1 7 21 28 8 2 29 28 17 19 26 17 5 19 3 22 25 24 11 30 9 24 15 24 15 29 15 10 5 5 8 17 5 16 3 23 13 17 13 28 8 18 2 29 9 8 19 14 5 7 23 1 5 6 25 29 11 23 13 14
29 16 30 28 16 8 11 15 10 25 28 27 5 14 21 8 17 16 18 23 4 25 21 15 13 26 29 16 27 14 29 16 19 10 29 26 18 30 9 24 18 12 24 10 28 18 25 12 3 11 30 3 2 24 14 15 15 14 29 25 26 3 4 12 25 23 28 7 16 15 29 5 16 29 1 30 9 2 10 24 17 3 11 3 9 2 29 18 1 9 28 16 20 9 1 29 18 15 15 29
4 15 6 16 28 1 1 9 18 3 30 25 1 28 13 27 15 28 30 26 13 10 17 4 2 11 8 12 17 11 5 25 22 7 8 17 14 20 22 8 17 5 13 15 10 21 11 14 22 17 29 11 12 18 26 24 4 23 27 21 2 3 23 11 25 28 20 16 23 13 20 6 11 12 17 3 16 16 20 16 12 19 4 29 13 22 15 30 14 7 26 13 21 6 12 6 23 22 6 19
6 12 2 1 17 8 18 18 6 21 5 22 21 7 9 1 6 22 2 24 22 28 24 20 20 30 24 2 20 8 6 17 24 7 20 15 3 14 3 13 23 20 13 5 7 17 24 8 26 10 22 26 27 4 22 19 16 23 21 29 17 24 23 25 16 21 7 29 26 28 30 1 16 13 30 20 10 6 24 28 25 26 12 1 26 2 13 4 28 22 2 19 16 23 21 22 29 19 20 28
24 2 29 24 19 30 1 14 2 17 3 22 1 3 25 3 4 1 27 13 16 7 21 11 9 17 14 13 20 3 23 7 20 25 20 19 29 17 22 21 2 18 13 11 19 6 30 17 10 16 30 8 19 21 2 21 7 13 24 11 26 12 7 10 9 14 6 2 14 4 18 14 23 11 26 4 23 15 24 12 28 7 2 5 24 3 30 24 5 12 4 19 17 7 6 22 26 6 16 11
12 6 15 28 2 20 10 7 18 23 14 7 13 5 5 29 25 7 7 30 5 4 11 20 24 19 1 14 10 21 23 8 9 28 24 17 23 10 20 23 11 2 11 21 8 1 22 16 23 10 16 29 25 26 20 21 3 11 1 1 1 4 14 25 28 19 4 24 19 26 29 13 15 13 18 25 30 28 12 13 1 22 7 22 20 21 2 23 28 7 20 22 18 4 21 23 15 21 6 3
15 20 2 17 26 18 27 27 23 16 24 5 26 21 28 11 11 8 15 23 21 9 2 17 6 26 17 2 15 22 17 6 12 14 9 19 26 29 15 7 26 10 5 14 1 26 30 16 3 27 11 8 1 12 14 21 23 30 13 24 18 17 15 27 30 16 24 18 12 21 20 27 15 7 5 7 7 28 8 22 12 3 5 29 15 30 21 18 7 17 28 8 28 16 3 20 7 12 1 29
10 8 15 20 7 16 10 1 27 15 17 11 28 16 11 14 25 15 8 13 1 4 30 24 4 9 7 25 12 24 24 29 27 29 3 19 19 7 9 19 18 23 5 21 29 2 18 11 30 30 10 8 2 11 6 10 18 25 20 4 29 16 30 16 13 21 2 11 9 7 16 9 25 4 4 15 25 26 16 27 26 2 29 16 5 16 25 14 25 5 29 22 6 14 5 17 3 25 20 30
10 6 10 6 15 20 14 26 29 6 13 20 14 18 29 22 24 5 10 28 1 30 19 24 17 12 7 7 30 3 29 25 18 24 25 25 23 24 4 5 18 16 30 10 14 8 30 29 4 27 17 29 10 11 17 11 25 14 8 1 21 5 12 1 7 21 3 14 15 16 26 28 21 11 25 21 22 13 8 15 1 1 11 2 17 16 5 19 30 20 6 21 29 7 3 25 6 20 30 2
10 17 24 26 11 3 16 7 3 16 13 15 30 14 10 28 24 12 16 21 28 27 6 8 30 30 21 8 6 7 7 4 13 3 7 23 4 2 6 5 3 26 26 21 28 16 12 12 4 16 10 13 22 24 2 9 1 23 2 13 2 17 25 30 10 15 24 15 21 23 10 22 5 25 23 18 1 22 18 23 21 25 21 30 15 13 7 11 18 10 1 16 20 15 27 15 21 15 10 25
14 13 26 19 24 14 9 8 12 27 30 17 12 26 24 7 24 25 18 21 3 12 26 29 5 30 23 3 2 18 7 28 20 8 22 14 5 28 4 28 27 30 28 1 3 28 23 25 1 28 1 22 1 7 21 20 2 7 6 13 5 28 22 23 18 2 13 6 30 23 14 9 4 5 13 5 29 1 1 24 2 13 10 25 16 30 18 21 11 16 4 8 22 23 1 2 15 22 13 24
1 21 30 19 10 4 28 29 10 21 16 4 10 3 23 7 28 9 21 16 14 9 7 24 11 14 28 8 23 6 10 16 26 30 4 4 5 1 24 15 24 6 22 19 10 7 22 28 7 9 30 16 9 8 13 17 7 8 26 18 12 9 7 4 2 5 18 10 11 10 16 9 22 9 1 13 2 3 4 14 20 10 15 26 2 15 5 6 23 24 20 7 3 7 18 6 23 7 2 7
19 4 1 18 20 15 15 1 14 11 9 25 8 18 1 17 13 29 3 25 19 25 15 11 6 26 2 21 26 24 19 3 15 2 17 6 28 8 12 21 30 11 22 5 13 6 16 2 12 14 28 9 29 17 5 2 15 16 22 19 30 10 12 29 25 30 15 7 29 29 10 17 12 21 27 20 28 12 29 2 27 22 4 20 28 11 8 16 3 29 10 10 19 8 15 6 30 1 8 3
30 17 20 4 8 21 1 20 19 21 4 22 13 30 28 24 26 8 7 24 17 11 30 5 23 20 8 7 2 13 23 13 15 24 9 19 29 9 29 25 30 4 11 17 25 8 26 25 7 28 25 24 3 24 5 11 27 12 2 11 17 4 15 30 3 3 7 16 18 23 30 8 20 30 30 7 5 14 12 26 13 12 16 6 4 9 16 26 10 18 13 27 13 29 27 11 17 17 1 17
12 29 12 16 14 4 17 7 29 6 29 22 18 28 30 30 2 15 12 1 9 28 19 20 11 11 5 12 17 27 8 18 27 11 21 26 5 28 29 18 10 28 12 23 2 28 12 12 4 9 15 9 5 6 9 9 16 4 22 1 18 24 7 4 23 1 7 3 3 18 6 19 11 23 19 29 24 25 2 10 20 29 21 28 7 9 21 17 5 22 1 6 25 10 21 29 18 5 10 17
4 26 1 28 29 8 8 5 18 24 6 13 9 6 6 1 3 4 14 28 18 19 19 7 26 7 12 12 15 24 15 3 28 2 21 22 6 15 28 16 14 11 11 19 6 30 23 3 20 20 11 14 28 9 17 23 27 21 25 4 27 29 4 18 15 19 23 26 24 23 18 9 8 25 30 22 16 20 14 13 21 11 30 20 3 18 19 11 9 6 3 4 18 1 24 20 14 4 25 6
25 5 8 4 10 10 21 6 27 8 5 5 21 20 8 8 29 14 17 27 14 15 12 20 18 4 13 16 14 30 27 1 5 15 24 12 18 10 14 4 9 3 17 11 20 3 26 4 14 6 25 15 29 16 13 27 3 19 7 11 26 12 14 21 28 20 15 10 19 6 28 7 19 17 25 8 1 30 13 21 7 19 18 6 19 11 16 4 15 25 6 1 4 9 8 6 20 2 20 17
27 8 6 7 8 6 22 6 2 19 10 6 30 16 11 11 17 1 17 27 20 30 25 18 21 6 6 24 1 20 9 19 18 23 30 7 16 10 10 16 25 28 22 2 14 25 22 8 6 14 9 26 15 1 15 26 6 11 4 13 24 8 4 6 30 7 4 11 14 5 8 14 16 16 25 14 30 16 27 10 27 1 1 27 29 6 5 30 26 21 6 8 21 11 1 8 17 10 30 18
13 2 29 25 9 13 12 7 2 12 16 27 6 28 15 10 12 20 10 26 2 18 7 24 13 9 17 5 17 23 23 22 22 20 16 21 12 10 18 24 12 8 26 15 16 16 2 26 25 11 10 7 11 20 16 29 26 6 17 30 25 11 25 20 3 28 24 29 19 19 29 25 26 29 5 6 10 6 19 8 6 28 30 7 17 8 28 23 17 25 30 12 29 4 2 24 26 17 28 29
18 15 25 10 23 4 29 6 28 2 3 7 14 6 2 26 22 1 5 10 9 16 13 29 26 24 20 3 3 13 9 9 17 17 29 30 17 10 21 23 10 25 5 17 26 18 21 21 14 27 19 14 29 2 15 24 3 19 22 11 5 25 12 6 9 13 22 3 1 6 30 20 13 30 20 8 2 19 11 5 7 3 27 20 9 10 3 23 7 10 18 1 26 8 1 4 23 9 30 4
23 28 11 25 28 19 18 2 9 15 9 23 6 23 15 4 20 16 16 2 22 3 11 26 25 21 1 18 16 6 5 8 5 24 29 12 17 29 16 15 3 10 28 9 12 19 20 3 25 21 29 27 9 22 24 2 22 28 7 8 17 27 29 23 16 20 14 3 29 30 23 27 2 21 16 19 28 14 9 10 25 16 25 26 23 2 20 29 12 16 15 4 4 29 19 26 1 21 11 27
27 25 14 13 4 23 30 18 6 1 18 26 27 4 8 21 26 14 18 2 27 9 16 23 20 17 2 29 5 21 15 3 20 30 5 24 13 2 14 3 4 5 22 6 26 27 28 26 16 26 30 21 27 16 5 8 19 20 15 16 16 18 16 4 23 4 9 22 23 29 18 26 6 18 18 7 27 27 24 25 27 18 30 28 19 4 2 13 3 26 4 19 12 6 25 3 19 6 18 17
21 4 20 25 27 13 16 27 3 1 7 12 17 18 27 9 25 29 8 27 7 17 15 16 10 10 18 20 21 11 1 20 17 29 26 10 6 4 29 18 30 10 11 3 9 3 1 6 12 14 13 19 26 21 27 22 21 18 7 2 6 28 26 26 26 21 23 26 18 15 21 7 28 21 13 24 29 4 20 5 6 27 12 20 28 14 1 26 19 28 28 19 18 21 12 5 14 2 21 28
28 16 9 2 2 17 18 3 10 12 15 23 16 7 7 20 16 25 18 3 26 9 1 27 24 4 12 13 17 8 19 26 29 12 27 20 29 23 16 4 6 28 1 9 20 21 22 2 1 4 29 23 23 23 14 18 11 29 1 13 27 4 9 6 1 23 22 24 4 4 24 29 23 14 26 12 4 4 28 7 27 1 25 19 12 12 8 5 19 24 27 11 3 22 14 1 16 28 18 3
22 21 14 23 6 6 15 19 6 15 30 20 7 8 23 12 8 12 16 21 8 7 6 23 28 22 25 23 13 3 2 17 30 1 30 7 30 16 20 8 6 24 27 19 17 22 7 28 14 5 30 3 1 8 7 18 21 24 1 3 5 11 20 2 14 28 11 22 14 12 6 4 19 20 28 2 9 15 7 17 27 4 14 21 27 29 12 16 17 21 25 14 5 28 17 22 24 11 7 28
23 22 12 30 6 1 26 19 29 24 10 22 1 12 17 3 7 19 1 8 6 2 24 9 2 17 11 12 12 7 17 12 8 1 27 12 21 7 18 11 1 6 22 10 12 2 13 28 1 30 29 26 10 28 25 30 2 14 23 4 8 6 13 8 22 8 9 22 4 16 10 7 28 28 22 26 11 16 7 7 29 10 15 1 17 8 22 24 22 10 15 23 14 10 10 3 26 26 11 30
30 26 15 25 23 1 21 19 21 22 27 18 2 29 18 18 24 8 30 4 30 25 21 18 21 12 23 22 9 20 2 1 5 14 3 29 10 25 25 30 3 18 13 18 20 8 29 4 25 27 24 25 15 8 26 4 22 13 29 7 13 13 9 26 9 20 25 27 3 29 26 28 1 11 21 6 1 30 27 9 3 2 5 15 15 16 12 24 15 30 20 13 14 12 29 27 26 5 30 23
4 20 22 10 13 17 28 13 11 21 8 2 21 27 23 22 4 27 9 21 30 5 28 3 24 10 29 25 20 9 10 21 30 5 18 24 14 2 17 20 12 13 26 20 17 25 28 14 26 2 20 10 3 13 26 22 6 7 10 14 23 28 12 27 15 12 27 9 23 13 8 8 11 5 22 8 22 30 17 9 26 4 30 12 4 14 19 22 10 18 29 23 8 24 26 13 18 11 12 30
7 4 7 23 30 25 22 29 5 2 20 21 18 1 13 4 30 27 2 22 8 11 27 13 22 10 8 2 9 6 4 24 21 8 15 15 12 28 28 27 13 11 10 12 30 13 16 29 7 10 21 4 8 8 10 1 30 6 8 9 1 24 3 29 28 29 6 5 21 17 12 5 29 10 16 1 1 12 14 30 26 27 24 16 16 10 9 28 4 20 21 17 21 15 28 24 25 26 4 10
11 13 26 12 19 27 13 13 22 20 4 20 2 22 6 12 16 20 13 3 28 27 20 20 26 12 3 10 24 7 24 6 5 14 4 27 12 14 4 10 7 7 1 15 9 17 2 15 9 5 17 15 24 17 12 5 12 5 14 29 27 27 28 19 9 5 22 16 16 27 5 16 8 19 10 13 12 14 8 23 14 5 25 16 13 2 3 25 18 4 9 9 27 9 4 3 18 14 26 20
5 23 13 24 17 20 4 30 11 18 29 26 30 24 26 27 30 3 24 7 29 4 9 10 21 30 24 22 27 3 8 30 5 6 8 22 28 9 28 20 23 6 20 16 19 9 20 12 4 3 29 4 8 25 9 24 5 16 23 4 3 14 27 27 3 21 26 9 5 14 17 20 4 29 10 9 6 28 30 11 12 17 30 1 25 29 3 14 2 4 6 19 17 14 16 26 21 17 15 18
27 10 7 9 26 22 5 12 21 24 3 5 6 1 27 10 3 6 13 21 10 18 28 12 14 23 19 11 20 3 30 16 7 5 22 16 20 14 14 12 14 27 5 24 26 29 14 3 21 1 22 8 30 22 6 28 2 7 1 28 16 3 22 27 11 6 21 16 2 25 26 4 15 14 7 15 30 22 30 17 12 27 13 6 28 20 14 12 15 3 15 14 8 11 8 3 17 23 17 20
26 17 2 17 12 13 15 24 24 24 2 25 5 18 5 13 27 18 6 9 13 23 27 18 19 9 29 16 13 27 9 7 21 21 21 24 20 7 2 7 12 2 4 5 30 9 26 10 20 3 30 15 11 3 19 19 12 3 16 21 22 4 22 21 14 22 26 9 9 11 14 21 5 17 26 11 22 19 17 2 2 21 11 15 26 7 20 14 17 4 10 21 27 15 7 28 1 25 24 29
8 18 25 6 3 7 27 8 12 18 30 9 24 1 29 28 5 15 20 8 17 2 27 25 6 22 11 30 25 15 25 30 29 16 8 7 20 4 19 8 10 11 21 12 13 25 18 28 18 2 12 26 3 28 14 14 24 20 12 20 12 21 7 9 29 25 25 10 10 7 10 1 15 30 21 25 1 26 19 20 27 1 29 2 28 9 30 16 27 9 12 5 26 4 2 6 26 2 10 23
13 17 6 10 26 5 27 2 8 2 2 9 6 26 4 23 29 1 14 8 12 7 7 19 4 1 24 15 16 29 22 12 23 28 12 6 20 15 26 29 26 24 13 21 3 15 29 29 30 5 20 2 6 19 17 1 15 8 8 20 30 23 21 27 7 17 4 1 22 24 16 28 1 1 24 18 26 26 19 3 10 12 18 11 10 6 5 17 5 9 8 9 24 19 21 29 5 17 3 3
27 4 24 26 28 26 25 21 5 25 24 8 29 6 21 18 7 23 14 24 17 21 5 18 14 18 9 12 25 23 4 13 5 28 24 20 8 21 4 7 25 14 4 1 18 12 22 27 5 16 3 29 15 11 11 1 9 23 19 29 15 25 2 13 20 9 5 2 2 5 28 10 28 18 22 4 17 18 20 30 3 11 2 11 1 15 3 27 5 19 17 4 16 1 3 6 19 25 19 2
20 11 3 9 27 25 20 13 13 6 12 25 16 7 4 3 26 13 30 8 12 9 28 14 12 28 13 29 13 18 4 25 30 9 14 4 8 9 29 11 5 23 14 17 13 1 30 14 21 14 19 2 7 11 20 7 15 10 26 17 6 30 22 13 2 18 11 23 23 9 23 25 23 26 27 7 30 25 9 2 10 8 22 6 19 18 21 20 15 18 7 17 11 27 12 23 11 6 26 27
23 23 8 5 21 29 8 20 13 3 1 6 24 4 1 3 21 6 24 2 13 21 23 19 29 18 12 21 23 29 3 3 5 24 25 21 10 8 19 12 24 17 22 23 4 6 20 21 23 29 26 24 17 2 7 21 4 13 16 1 17 17 24 6 12 6 15 11 29 5 10 13 13 25 30 25 29 24 19 15 15 26 12 14 24 15 23 21 6 28 8 4 29 27 26 16 4 6 26 17
30 19 6 1 29 22 26 3 15 10 13 26 3 27 24 12 26 27 16 9 21 10 26 17 18 19 22 10 12 27 27 30 16 9 18 1 3 16 2 26 1 11 18 9 9 8 16 3 22 30 10 11 24 18 22 16 20 14 27 17 24 8 22 19 18 25 29 30 26 3 2 11 19 15 29 14 30 6 11 13 28 9 22 1 1 17 11 5 28 30 18 29 30 5 23 17 18 6 7 9
16 5 30 21 29 25 21 8 18 30 7 26 19 17 9 27 30 28 14 19 28 18 26 14 22 17 30 9 28 24 11 12 12 13 10 27 23 25 25 3 6 14 10 18 12 29 2 14 1 16 19 8 9 30 21 2 14 2 8 5 27 20 19 26 16 23 25 30 1 4 5 23 30 18 16 9 26 30 27 24 12 25 9 13 1 13 21 20 25 19 11 10 12 2 8 3 21 22 6 11
11 24 6 27 9 18 22 14 9 16 30 26 2 7 26 15 23 8 15 29 9 15 15 7 27 4 2 10 8 5 4 18 19 7 13 17 24 9 30 3 15 22 13 22 12 20 3 19 21 14 6 17 21 26 25 22 13 13 7 23 22 5 30 8 24 11 13 14 3 20 1 26 1 26 10 12 3 28 6 8 10 5 20 13 29 9 21 30 25 18 5 17 19 9 19 10 8 14 9 28
10 25 3 10 19 17 25 5 5 22 16 15 10 25 21 19 6 23 29 6 8 29 23 27 19 14 6 14 30 29 14 21 6 3 26 1 18 8 3 20 26 21 20 8 11 19 30 12 16 11 1 21 14 3 28 30 7 2 12 30 28 7 5 15 4 14 7 24 12 17 20 28 28 2 27 26 23 22 29 1 3 25 30 20 4 18 21 17 16 9 5 16 22 15 30 29 2 10 20 19
15 19 22 9 28 4 5 20 7 30 24 25 26 8 12 16 9 10 20 28 22 24 24 20 18 20 22 1 4 17 25 24 28 13 9 2 23 8 6 13 23 16 27 22 12 7 11 15 6 10 14 1 3 4 28 20 28 19 14 2 1 20 14 5 18 9 6 25 30 10 12 3 14 12 19 21 10 7 20 6 3 9 4 7 2 13 9 13 28 29 11 22 27 15 2 2 18 14 27 10
21 22 18 28 9 1 9 30 29 7 25 17 25 21 23 20 26 14 6 24 24 25 10 10 7 13 3 18 13 12 26 28 17 9 5 26 29 28 9 25 24 25 11 7 5 25 27 1 18 27 22 24 10 27 23 28 2 25 21 5 22 6 15 18 28 30 12 4 3 29 2 11 7 9 4 2 8 18 28 16 29 9 25 28 6 26 9 12 7 19 10 2 6 7 6 11 1 17 8 28
17 21 10 16 1 4 19 22 28 1 24 27 17 6 13 24 14 29 11 19 20 21 7 9 21 5 30 20 25 13 23 1 23 14 24 28 5 7 14 3 6 25 9 16 2 23 17 2 7 8 24 7 26 3 22 30 9 12 25 2 7 23 27 5 27 3 14 10 6 20 13 7 27 10 20 1 8 9 21 28 25 16 18 13 24 21 1 4 20 10 22 2 5 30 7 8 24 5 1 9
10 20 19 14 14 22 2 4 4 17 2 18 8 21 10 8 15 23 29 4 1 28 7 22 19 20 5 16 21 1 3 11 4 20 29 1 7 7 27 20 2 15 11 11 7 3 4 28 14 30 21 27 12 23 14 8 8 9 24 12 16 6 19 13 3 26 15 2 22 17 18 13 2 2 2 26 6 2 1 17 8 27 16 17 21 14 29 10 6 18 29 5 8 25 9 24 1 14 3 2
25 29 16 13 18 26 9 16 22 12 7 11 21 11 2 12 14 1 24 15 10 20 18 21 21 26 26 9 14 9 18 25 28 28 1 15 25 3 22 17 5 22 1 25 26 23 22 24 18 9 26 19 3 22 23 8 23 7 8 26 8 28 16 22 14 14 26 1 20 8 14 30 12 8 23 9 30 6 28 3 22 2 26 4 23 1 15 30 9 12 18 8 15 27 1 15 30 15 6 2
15 23 29 29 8 16 10 12 1 7 4 22 10 1 3 1 2 7 24 17 24 8 2 29 22 21 2 14 22 22 17 14 21 15 14 23 8 6 20 4 1 15 3 13 6 18 15 12 2 14 16 2 20 28 11 10 16 4 27 20 22 28 13 2 28 11 10 19 21 23 6 17 2 28 25 1 18 20 26 25 10 10 7 21 21 6 3 29 4 12 19 21 7 8 14 15 18 14 5 7
14 2 25 19 3 18 1 23 23 16 6 2 23 22 22 5 13 17 10 1 18 2 3 8 2 15 10 25 15 18 28 10 7 21 22 1 1 15 17 14 6 11 2 9 29 6 13 18 30 26 23 22 20 24 7 13 29 5 11 30 21 20 14 13 21 26 18 6 4 8 2 29 11 30 22 1 13 11 22 3 1 1 26 19 22 4 9 4 1 12 29 18 7 9 30 15 16 3 30 5
4 9 15 19 30 30 13 29 22 6 14 4 27 25 9 1 4 22 14 16 1 11 6 5 3 16 7 9 25 14 5 3 21 2 7 19 25 16 4 9 10 20 13 18 6 18 29 28 25 30 24 23 29 6 24 6 25 1 12 10 26 13 21 25 21 7 28 7 29 23 20 16 23 30 16 22 12 14 7 1 17 6 14 27 19 27 23 17 22 1 6 25 11 8 2 11 12 14 21 21
26 5 2 7 24 3 18 4 4 17 8 15 21 10 30 8 19 28 27 20 21 30 5 27 15 1 19 24 16 11 18 6 29 18 15 28 22 27 26 12 23 18 21 6 4 12 12 15 7 24 9 1 3 14 26 21 11 24 2 4 7 24 10 25 30 16 24 16 6 24 22 9 19 27 21 29 28 27 27 16 13 17 11 9 12 30 2 20 10 10 25 13 2 3 19 2 11 16 27 15
13 23 15 23 5 9 12 14 1 2 24 14 25 9 14 30 29 21 28 18 29 4 28 15 5 8 28 8 27 16 27 23 20 18 5 8 24 30 11 9 12 7 15 24 1 27 17 19 25 20 18 18 8 20 29 5 12 26 6 18 7 6 12 30 14 7 25 30 20 11 5 19 4 1 2 18 12 16 2 21 14 19 3 9 15 4 15 7 22 16 22 24 19 19 16 26 30 2 4 18
19 4 22 20 30 14 16 13 15 27 30 9 24 17 2 17 3 4 19 13 18 7 8 5 22 18 28 24 6 8 12 23 28 20 29 16 12 4 7 16 27 7 17 2 1 26 14 11 17 14 9 24 10 24 11 21 14 28 18 13 21 14 18 10 12 3 28 17 10 22 1 29 28 7 9 4 20 6 11 17 4 19 23 3 13 20 18 10 20 4 1 7 18 27 3 12 24 13 3 12
27 26 29 30 3 13 18 14 11 10 7 2 23 2 8 24 20 22 1 11 28 15 13 25 25 3 12 1 24 16 9 22 26 11 27 29 4 18 23 28 22 11 16 3 5 23 24 14 7 15 19 6 9 4 25 29 24 21 12 5 3 19 4 1 13 26 22 27 27 30 20 11 27 1 8 23 15 24 8 3 26 2 5 23 7 2 28 26 28 19 30 26 24 26 12 7 29 18 23 14
10 28 25 19 21 28 4 25 29 5 28 15 4 9 7 20 2 12 5 13 1 10 30 23 20 13 1 22 20 3 1 9 19 12 29 29 14 4 29 14 21 7 16 19 7 5 13 23 13 13 10 22 22 21 2 29 19 23 18 14 19 15 7 16 4 2 19 15 23 29 16 2 13 1 20 18 12 9 2 29 27 10 25 23 5 13 20 18 3 23 25 1 10 25 16 11 17 5 18 21
15 12 21 15 1 1 1 29 12 25 20 16 10 17 1 27 20 7 8 10 29 20 19 11 6 1 6 5 13 26 3 15 10 7 18 13 12 26 21 27 24 25 5 24 21 17 14 4 30 2 26 8 9 12 10 9 11 29 27 30 29 23 10 13 12 28 22 16 20 24 10 15 20 12 25 28 26 10 15 3 23 24 24 22 23 6 5 22 30 28 2 3 18 16 21 7 4 4 27 24
30 24 28 21 16 1 28 3 1 7 22 12 5 20 25 26 4 14 15 22 16 13 16 19 21 24 11 13 19 15 9 1 4 3 7 17 7 6 25 20 30 21 30 28 11 27 17 14 10 2 15 2 8 3 4 27 9 13 5 30 18 17 15 5 13 18 16 2 11 11 19 19 15 23 9 7 26 15 21 5 2 2 3 2 28 24 13 14 4 8 16 8 12 8 20 2 3 17 23 4
12 22 6 20 21 21 25 27 5 7 9 19 6 10 13 16 20 12 16 2 18 7 19 13 9 5 7 7 23 18 9 3 1 3 21 11 3 4 21 1 7 28 5 22 30 26 15 19 29 8 7 13 21 8 15 21 30 29 18 29 6 6 13 22 7 25 25 28 3 17 4 30 9 30 28 28 27 25 9 1 13 13 30 23 28 27 7 7 25 16 11 26 18 1 22 2 12 17 22 6
13 11 10 19 28 19 18 25 11 14 27 10 18 29 11 2 24 3 23 22 23 16 26 14 6 5 21 15 25 15 18 19 14 14 1 26 2 29 13 20 18 14 17 20 27 6 13 13 22 3 3 21 18 13 10 25 15 22 11 24 29 14 29 29 18 16 25 2 15 16 11 1 24 1 25 24 14 24 12 14 18 1 14 13 23 28 8 15 19 6 29 15 18 6 13 27 6 19 6 1
18 3 27 27 4 9 4 29 12 16 13 24 1 12 8 13 18 22 22 29 5 14 20 14 15 2 28 3 22 6 2 9 27 12 6 1 10 9 29 4 20 21 21 19 13 20 5 20 4 13 5 28 7 23 15 25 30 22 3 29 4 17 29 13 2 15 12 1 18 7 5 19 28 4 24 6 29 28 21 19 3 25 10 17 17 15 12 24 7 12 6 15 1 2 7 1 24 1 11 28
27 4 12 16 12 20 11 26 20 3 1 30 17 8 22 2 22 3 2 14 6 14 26 25 26 19 19 13 5 11 6 16 7 13 3 8 21 9 14 15 24 20 29 12 18 18 6 18 11 16 3 8 4 21 11 3 10 24 7 12 12 24 21 12 27 25 25 5 28 6 21 4 14 17 8 10 8 16 25 18 22 27 14 6 18 26 28 9 12 16 24 26 14 30 24 30 16 6 8 30
6 8 17 5 12 8 15 15 29 23 26 10 19 23 29 4 4 17 18 13 28 19 16 14 22 29 6 15 9 12 6 14 27 18 1 2 25 25 9 13 4 23 27 22 28 2 4 14 30 11 23 12 27 17 14 1 9 19 3 28 9 25 17 4 30 24 2 17 3 8 4 10 19 2 22 18 14 15 27 29 30 28 6 2 17 10 30 20 13 9 23 9 24 7 14 12 21 8 28 22
29 18 20 7 25 9 24 13 4 17 13 28 23 29 16 5 9 27 10 2 21 30 1 19 21 6 30 21 2 30 22 29 17 29 6 5 22 9 28 12 4 14 12 5 2 19 1 1 21 6 2 6 1 15 5 13 20 4 26 1 20 14 16 10 18 16 23 23 22 8 21 10 28 4 6 29 26 3 7 25 30 21 22 12 26 3 23 30 3 25 12 8 26 14 22 29 15 11 2 20
28 11 17 27 24 24 11 7 20 5 17 26 6 26 6 8 27 10 12 17 12 27 16 7 7 22 19 11 12 27 19 28 16 8 11 11 3 24 13 28 25 1 3 4 2 2 10 11 23 5 13 23 1 3 22 7 10 20 21 4 18 4 7 26 25 5 1 16 27 11 27 8 28 29 17 5 9 10 20 28 29 4 19 22 7 22 25 30 28 22 4 23 2 11 8 18 18 7 23 5
4 2 12 2 27 7 18 20 12 15 21 1 12 24 3 4 24 19 14 12 29 18 7 28 4 15 18 26 23 13 3 2 8 5 7 26 10 4 4 22 22 10 1 23 20 14 16 18 14 4 30 13 5 18 9 13 23 7 23 1 6 19 23 23 21 27 21 29 21 13 13 26 4 6 26 18 25 11 12 9 19 23 6 18 20 9 9 21 6 30 27 21 20 11 18 13 9 1 1 28
19 22 23 28 9 11 3 8 28 14 14 21 19 22 15 12 16 23 28 28 14 24 24 16 11 1 22 25 27 8 4 3 11 24 9 16 8 15 4 22 16 14 7 28 21 18 5 11 19 27 11 11 22 10 16 11 23 25 27 5 10 7 12 25 16 8 8 23 18 25 28 12 17 6 16 24 24 6 18 27 11 17 18 13 21 12 18 10 20 24 21 28 2 25 14 23 17 1 20 19
12 1 28 25 20 5 29 3 1 27 28 17 3 25 30 4 11 20 22 6 17 22 7 14 2 19 4 11 21 12 4 7 30 8 25 9 22 29 5 13 9 14 16 18 20 20 6 30 3 4 12 10 16 3 6 13 22 11 11 11 22 12 12 6 26 21 16 16 23 17 16 24 3 7 28 9 2 5 22 4 18 27 11 21 10 22 28 4 25 19 5 22 18 25 18 12 2 18 14 25
8 7 15 23 2 7 15 7 8 10 11 10 14 10 5 22 29 15 22 26 7 12 6 26 19 19 20 23 13 14 15 5 17 29 15 7 14 21 15 8 5 12 17 18 15 3 1 9 25 24 4 2 20 16 13 6 7 2 7 18 15 13 16 24 21 6 18 5 25 6 18 13 19 4 28 22 16 22 10 15 11 7 14 4 5 5 21 17 19 2 19 25 12 10 29 8 20 20 19 22
12 17 17 8 30 9 23 14 28 26 15 6 17 1 4 10 21 11 16 4 7 10 27 12 3 19 15 1 25 20 3 16 20 3 11 22 2 29 10 30 30 9 9 5 4 20 15 12 14 26 20 30 25 19 20 16 23 16 25 27 4 24 24 10 11 2 2 29 8 11 1 25 28 9 20 25 18 14 21 19 22 27 21 11 23 23 9 4 14 7 26 21 12 25 16 25 5 16 30 27
14 15 1 27 2 28 10 20 1 25 27 18 28 19 21 2 23 12 29 13 5 21 14 8 24 20 11 4 21 7 30 2 12 25 23 4 23 27 9 8 18 14 28 24 24 6 11 20 8 9 8 25 8 7 2 23 17 21 19 29 14 5 11 7 3 7 26 14 25 7 5 8 20 1 22 15 19 17 1 20 19 4 21 1 9 20 13 17 25 24 5 19 8 18 2 16 16 22 4 7
30 8 27 29 26 23 1 12 23 19 27 20 22 25 20 23 13 30 19 22 29 6 15 10 16 17 16 12 6 30 14 24 17 3 27 20 13 16 21 1 2 25 17 11 14 17 26 22 18 12 2 12 2 7 29 4 10 15 19 10 23 12 1 29 23 23 3 30 13 6 12 21 29 6 20 17 5 4 21 27 28 10 18 5 10 16 16 26 10 10 24 7 5 7 12 22 1 9 8 3
29 6 27 29 16 8 21 21 30 25 3 18 29 2 21 6 6 14 2 11 9 22 1 25 17 7 7 6 17 27 4 12 26 29 18 7 22 7 30 19 27 8 11 6 21 25 14 23 15 22 26 13 9 11 21 28 22 4 4 15 19 5 7 16 6 22 6 24 24 1 12 1 28 2 21 22 29 29 16 19 20 8 3 29 10 25 6 25 5 15 8 18 14 10 13 7 30 5 13 28
5 10 22 13 20 28 18 8 13 25 10 4 24 16 26 30 20 21 11 17 26 14 13 18 25 15 16 2 22 26 23 6 4 11 18 10 7 13 16 12 6 22 23 15 14 27 7 30 4 18 7 17 10 19 6 13 9 12 4 12 21 27 11 8 11 22 28 19 24 4 22 20 6 11 14 30 3 7 12 10 25 14 25 11 4 9 16 3 29 19 6 25 6 5 8 29 29 29 25 15
8 13 27 9 26 11 17 2 23 8 20 3 24 19 28 28 22 27 22 18 14 25 27 30 12 29 16 30 9 5 12 24 17 1 18 10 26 8 15 14 28 2 4 9 30 26 12 17 3 30 24 2 29 7 5 5 23 27 24 28 24 1 7 29 14 3 4 24 22 1 18 24 1 7 29 3 17 14 19 10 15 27 28 16 4 1 16 1 12 11 5 28 6 19 11 30 9 8 13 26
1 28 30 1 5 26 19 20 9 21 22 14 18 15 2 30 16 15 15 29 3 28 30 13 26 6 11 19 7 4 14 26 24 19 28 3 13 1 5 25 15 19 23 8 19 7 16 28 12 4 2 13 12 17 1 8 3 18 9 26 25 19 9 29 2 22 21 24 11 19 8 2 9 11 9 19 8 8 25 22 28 22 8 28 13 3 20 13 14 1 27 10 12 23 23 16 24 17 8 8
13 9 27 18 27 22 20 25 8 11 1 11 9 25 19 9 30 11 25 23 25 10 17 22 4 22 28 21 10 3 24 9 27 23 21 5 3 28 3 23 10 16 4 4 2 29 7 12 19 7 2 25 20 14 12 2 7 6 26 25 17 15 4 29 28 21 18 17 19 22 8 22 24 12 13 12 19 25 19 29 22 10 29 1 20 28 10 4 21 2 25 4 29 16 5 24 28 4 7 20
5 19 26 24 3 13 2 24 2 30 14 19 25 20 12 20 14 12 14 21 21 23 4 2 29 8 2 29 9 4 15 6 25 17 5 18 9 2 11 3 21 1 6 18 27 3 10 9 20 14 26 7 6 9 19 4 7 11 19 30 11 24 16 15 10 4 25 16 26 1 26 8 26 5 16 6 21 29 22 6 8 27 19 11 2 4 8 29 11 5 10 22 29 26 18 19 10 26 21 18
13 10 24 18 8 22 16 9 8 30 5 26 29 29 12 8 20 12 7 14 3 21 27 24 14 26 2 5 28 14 26 13 1 18 25 2 2 11 13 20 14 19 5 30 27 28 30 23 8 18 19 20 10 12 25 12 8 26 14 16 18 10 11 18 8 21 1 30 21 10 5 7 29 4 6 30 2 11 21 21 19 26 25 13 3 22 14 8 23 11 19 19 11 18 30 19 8 22 10 15
25 5 18 10 6 22 15 15 19 8 10 19 7 4 27 8 7 27 4 11 16 29 14 23 1 7 9 28 7 8 22 23 24 11 5 26 24 30 16 22 6 16 6 26 29 27 28 19 6 12 18 10 6 9 7 30 25 29 2 22 3 13 18 27 17 19 18 20 22 27 26 27 25 28 29 3 2 1 5 16 12 27 11 24 1 11 25 22 22 6 5 16 25 19 18 28 16 10 8 2
17 1 2 7 16 2 4 24 16 26 20 28 4 12 11 18 10 21 7 5 15 10 6 27 17 18 8 10 25 6 24 11 6 8 15 11 17 7 22 19 3 5 25 22 4 15 12 27 9 10 12 11 19 2 22 18 8 25 7 12 2 5 10 29 2 26 9 10 8 20 20 19 12 28 29 12 19 25 28 26 19 9 28 6 11 2 27 3 21 15 20 27 18 28 28 8 3 6 2 8
13 21 23 7 17 18 19 10 13 29 24 10 1 7 30 15 13 21 29 8 15 23 5 17 17 2 18 10 5 24 1 6 24 29 19 14 21 5 10 10 22 17 27 21 28 23 19 19 11 27 23 25 10 4 12 11 16 30 27 26 30 23 8 27 21 25 18 30 26 5 28 23 1 12 25 2 8 12 27 8 5 29 14 26 10 5 28 29 6 9 1 7 9 6 9 2 14 26 21 18
2 28 26 30 30 30 8 21 21 23 22 25 26 23 20 18 27 16 13 29 19 3 10 12 6 11 1 25 18 25 7 15 4 9 25 28 12 6 29 23 20 17 17 27 5 24 3 10 20 3 17 6 11 29 13 7 5 13 11 26 4 3 2 23 24 7 25 14 15 23 15 27 9 17 13 30 15 2 3 14 7 5 3 19 17 28 21 15 24 22 15 28 18 22 29 9 7 17 10 30
28 15 22 23 21 9 18 13 8 9 5 6 22 12 30 11 28 4 30 30 23 18 24 13 7 18 29 30 18 23 20 7 28 5 14 5 2 23 6 26 14 1 21 23 13 7 15 10 4 11 5 12 22 26 14 28 26 26 15 11 12 15 29 9 9 9 13 3 12 25 13 17 12 7 27 11 2 15 29 13 23 3 11 3 6 1 2 13 22 28 20 12 21 26 4 11 4 24 11 24
11 10 25 13 1 3 12 19 11 18 2 16 15 3 21 16 5 21 28 26 15 15 15 3 2 16 18 3 22 10 20 21 2 25 25 10 10 19 6 15 6 20 27 6 14 9 27 3 20 10 6 6 3 6 18 3 5 17 27 28 7 2 15 24 1 17 22 10 3 1 3 7 19 24 20 12 22 3 13 26 22 22 16 28 26 15 15 28 28 18 27 3 28 17 30 2 10 18 5 24
15 30 3 20 7 2 28 11 8 15 9 10 24 30 20 24 13 16 3 20 16 5 27 2 26 5 20 29 24 13 19 2 3 8 30 9 18 24 21 2 28 24 8 3 2 16 16 2 23 28 30 5 12 4 2 5 11 4 6 2 2 1 27 9 4 13 25 15 27 15 4 20 26 18 17 21 6 24 20 3 28 13 30 28 28 21 18 15 26 25 6 6 17 23 9 1 20 3 5 8
20 19 6 17 14 15 3 4 23 15 4 9 28 13 2 6 6 10 1 13 19 4 12 24 25 6 24 17 6 16 1 24 24 2 1 3 30 17 1 28 28 22 10 22 11 8 14 26 23 7 11 5 20 30 12 11 20 18 20 25 23 20 8 18 9 6 18 22 21 1 29 19 24 30 20 22 10 20 15 19 15 11 16 17 14 8 22 1 8 11 9 13 9 18 6 1 19 13 22 10
28 3 6 30 25 22 24 9 12 15 28 30 18 29 27 8 16 17 14 30 13 21 29 10 4 26 7 20 24 6 15 16 9 25 10 19 6 18 5 6 3 9 15 3 8 25 11 10 13 13 25 8 24 13 15 10 9 19 8 8 17 13 25 8 6 2 17 28 27 23 17 29 8 5 14 30 25 27 22 30 16 2 19 2 14 24 20 22 2 2 4 15 3 14 25 3 12 30 29 1
25 30 18 6 30 17 5 5 18 17 26 2 11 29 7 23 13 27 21 25 17 5 15 1 21 23 15 1 22 12 15 18 25 20 30 14 9 6 1 4 21 18 10 11 22 28 15 3 7 14 15 18 16 30 22 28 12 11 12 2 6 8 14 10 19 18 1 20 4 28 26 29 22 26 14 7 3 13 1 26 6 10 2 2 19 24 21 30 4 10 4 30 5 28 11 3 19 13 23 29
26 16 10 6 23 20 30 28 13 10 26 11 18 8 19 5 21 23 1 17 12 13 17 7 27 3 17 26 18 22 16 16 17 13 30 8 8 17 19 4 29 9 12 8 19 13 19 24 22 25 26 28 30 17 10 14 8 30 19 15 29 24 30 28 4 6 30 17 6 13 5 26 17 17 17 17 16 15 20 28 15 15 3 21 15 15 10 24 22 1 4 14 30 17 27 28 21 25 19 21
4 1 19 28 7 3 25 30 1 14 24 5 27 23 23 23 6 2 28 11 29 10 18 27 21 23 13 19 4 28 10 25 11 16 25 7 28 22 18 18 20 28 18 21 8 15 18 24 10 21 1 7 26 5 20 21 21 21 4 3 12 13 1 23 13 4 8 28 8 1 10 15 17 9 16 14 14 29 27 14 3 22 19 16 5 6 18 7 10 28 26 29 3 29 12 22 30 30 14 3
8 8 2 3 7 1 28 23 28 16 11 14 30 25 1 12 16 29 19 5 8 30 12 28 5 2 26 26 4 8 3 28 16 17 24 7 27 28 21 27 17 5 10 29 21 22 17 3 18 3 1 16 6 28 17 23 14 15 8 3 27 17 15 21 29 2 29 28 22 30 10 29 21 19 10 30 28 23 2 13 5 9 13 16 21 6 26 30 5 15 27 27 29 2 29 23 7 14 1 30
19 30 17 7 22 5 7 7 20 29 27 30 20 8 29 13 4 22 27 13 7 27 23 15 3 12 25 27 10 2 23 11 4 26 28 25 1 25 13 19 21 26 15 21 19 21 10 17 27 27 16 19 10 1 1 14 11 29 27 7 16 30 28 25 7 10 12 6 1 16 27 2 7 22 2 16 14 27 15 17 19 4 23 14 11 5 11 5 14 8 8 6 3 2 19 28 2 22 29 11
24 4 22 21 21 24 27 22 14 15 20 24 19 14 19 1 23 9 13 17 9 24 9 20 8 3 2 21 8 14 19 29 30 26 13 25 21 20 10 19 4 24 17 1 26 2 22 20 21 29 8 13 30 8 28 14 12 11 15 3 22 7 14 13 13 9 11 21 11 29 11 16 23 22 6 10 7 4 15 3 21 19 22 2 13 25 17 15 16 23 17 18 12 27 20 25 25 27 16 25
4 23 30 21 17 17 19 30 12 15 23 30 1 29 6 17 19 25 21 5 28 28 16 28 10 19 28 22 3 12 20 12 23 8 6 6 21 21 28 5 21 28 26 13 9 22 15 15 12 15 10 4 19 22 12 21 14 4 14 24 15 18 5 25 11 6 21 10 21 22 4 20 29 26 8 28 19 7 10 18 24 4 6 20 16 26 23 2 9 2 21 18 9 10 12 18 10 13 8 16
16 17 18 18 5 25 27 6 9 30 6 25 9 5 2 7 16 26 19 11 19 13 3 22 22 16 4 6 21 26 14 8 27 9 15 18 26 26 4 17 15 3 2 6 14 15 9 10 8 27 5 5 13 12 15 26 7 20 8 8 29 7 13 18 13 2 12 9 27 29 20 23 12 9 23 26 30 26 1 7 4 11 28 2 20 17 5 28 9 11 20 3 18 23 23 4 23 20 20 3
